<?xml version="1.0"?>
<opencv_storage>
<rvec type_id="opencv-matrix">
  <rows>3</rows>
  <cols>1</cols>
  <dt>d</dt>
  <data>
    1.759099006652832 0.46710100769996643 -0.331699013710022</data></rvec>
<tvec type_id="opencv-matrix">
  <rows>3</rows>
  <cols>1</cols>
  <dt>d</dt>
  <data>
    -525.8941650390625 45.40763473510742 986.7235107421875</data></tvec>
</opencv_storage>
