<?xml version="1.0"?>
<opencv_storage>
<rvec type_id="opencv-matrix">
  <rows>3</rows>
  <cols>1</cols>
  <dt>d</dt>
  <data>
    0.6167870163917542 -2.14595890045166 1.6577140092849731</data></rvec>
<tvec type_id="opencv-matrix">
  <rows>3</rows>
  <cols>1</cols>
  <dt>d</dt>
  <data>
    1195.231201171875 -336.5144958496094 2040.53955078125</data></tvec>
</opencv_storage>
