<?xml version="1.0"?>
<opencv_storage>
<rvec type_id="opencv-matrix">
  <rows>3</rows>
  <cols>1</cols>
  <dt>d</dt>
  <data>
    1.6439390182495117 1.126188039779663 -0.7273139953613281</data></rvec>
<tvec type_id="opencv-matrix">
  <rows>3</rows>
  <cols>1</cols>
  <dt>d</dt>
  <data>
    -648.9456787109375 -57.225215911865234 1052.767578125</data></tvec>
</opencv_storage>
