<?xml version="1.0"?>
<opencv_storage>
<rvec type_id="opencv-matrix">
  <rows>3</rows>
  <cols>1</cols>
  <dt>d</dt>
  <data>
    1.2132920026779175 -1.4771349430084229 1.2775369882583618</data></rvec>
<tvec type_id="opencv-matrix">
  <rows>3</rows>
  <cols>1</cols>
  <dt>d</dt>
  <data>
    836.6625366210938 85.86837005615234 600.2880859375</data></tvec>
</opencv_storage>
